4294967279,527
4294967279,526
4294967279,525
4294967279,524
4294967279,523
4294967279,522
4294967278,356
4294967278,355
4294967278,354
39,6
39,5
4294967279,521
39,4
39,3
39,2
39,1
39,0
4294967278,353
4294967278,352
4294967279,520
4294967278,351
4294967279,519
4294967278,350
4294967278,349
4294967279,518
4294967278,348
4294967278,347
38,8
38,7
4294967279,517
38,6
38,5
38,4
38,3
38,2
38,1
38,0
4294967279,516
4294967278,346
37,7
37,6
37,5
37,4
37,3
37,2
37,1
37,0
4294967279,515
36,6
36,5
36,4
36,3
36,2
36,1
36,0
4294967279,514
4294967278,345
4294967278,344
4294967278,343
4294967279,513
4294967278,342
4294967279,512
35,7
35,6
35,5
35,4
35,3
35,2
35,1
35,0
4294967278,341
4294967278,340
4294967279,319
4294967279,318
4294967278,339
4294967294,470
34,6
34,5
34,4
34,3
34,2
34,1
34,0
4294967279,317
4294967279,316
4294967278,338
4294967279,315
4294967278,337
4294967279,314
33,5
33,4
33,3
33,2
33,1
33,0
4294967279,313
4294967279,312
4294967278,336
4294967279,311
4294967278,335
4294967279,310
4294967278,334
32,8
32,7
32,6
32,5
32,4
32,3
32,2
32,1
32,0
4294967279,309
4294967279,308
4294967278,333
4294967279,307
4294967279,306
4294967294,1151
4294967294,1150
4294967278,332
4294967279,305
31,7
31,6
31,5
31,4
31,3
31,2
31,1
31,0
4294967279,304
4294967279,303
4294967278,331
4294967279,302
4294967278,330
4294967279,301
4294967294,1149
4294967278,329
4294967279,300
30,6
30,5
30,4
30,3
30,2
30,1
30,0
4294967278,328
4294967294,81
4294967279,299
4294967278,327
4294967279,298
4294967278,326
29,5
29,4
29,3
29,2
29,1
29,0
4294967278,325
4294967279,297
4294967278,324
4294967279,296
4294967279,295
28,5
28,4
28,3
28,2
28,1
28,0
4294967278,323
4294967279,294
4294967278,322
4294967279,293
4294967279,292
4294967278,321
4294967278,320
27,7
27,6
27,5
4294967279,291
27,4
27,3
27,2
27,1
27,0
4294967278,319
4294967278,318
4294967279,290
4294967278,317
4294967279,289
4294967278,316
4294967279,288
4294967278,315
4294967279,287
4294967279,286
4294967278,314
4294967278,313
4294967279,285
4294967278,312
4294967278,311
4294967279,284
4294967278,310
26,5
26,4
26,3
26,2
26,1
26,0
4294967278,309
25,5
4294967278,308
22,5
20,6
20,5
9,6
9,5
4294967279,283
4294967278,307
4294967278,306
4,6
4294967294,469
4294967278,305
4294967279,282
4294967279,281
4,5
25,4
25,3
25,2
25,1
25,0
4294967278,304
24,4
24,3
24,2
24,1
24,0
4294967278,303
23,4
23,3
23,2
23,1
23,0
4294967278,302
22,4
22,3
22,2
22,1
22,0
4294967278,301
4294967294,1148
4294967294,1147
4294967294,438
21,4
21,3
21,2
21,1
21,0
4294967278,300
4294967294,1146
4294967294,184
20,4
20,3
20,2
20,1
20,0
4294967278,299
4294967294,468
19,4
19,3
19,2
19,1
19,0
4294967278,298
18,4
18,3
18,2
18,1
18,0
4294967278,297
4294967294,1145
17,4
17,3
17,2
17,1
17,0
4294967278,296
16,4
16,3
16,2
16,1
16,0
4294967278,295
15,4
15,3
15,2
15,1
15,0
4294967278,294
14,4
14,3
14,2
14,1
14,0
4294967278,293
13,4
13,3
13,2
13,1
13,0
4294967278,292
4294967294,1144
4294967294,902
4294967294,971
12,4
12,3
12,2
12,1
12,0
11,4
11,3
11,2
11,1
11,0
4294967278,291
10,4
10,3
10,2
10,1
10,0
4294967278,290
9,4
9,3
9,2
9,1
9,0
4294967278,289
8,4
8,3
8,2
8,1
8,0
4294967278,288
7,4
7,3
